28626
64486
83817
55054
88975
83558
49185
98923
76976
71305
22132
82046
21425
14052
60417
98330
15882
61001
20020
21458
3662
50654
25859
33926
52060
7229
66679
67212
59827
12300
43437
78596
41104
61476
70868
1061
21825
6195
91001
67076
97352
93194
49426
90086
7448
788
608
4935
23412
94922
25244
65148
90875
88778
70644
49096
65955
50322
7689
84981
47245
9197
18506
73154
40687
7768
51983
46268
98048
53255
55912
89574
6796
73136
25383
73588
77750
26820
48728
33296
16520
44018
60922
88157
95185
54722
87562
61750
78794
37527
75966
22934
69063
29952
408
7164
31265
34565
39015
45744
83596
6014
41913
38168
83649
59558
22332
69187
39064
83864
64143
44882
30918
55364
50831
24730
5685
36006
73887
91898
61096
16757
99360
86670
85035
2295
3018
4454
97831
84610
97240
62348
7004
72735
88784
65410
60467
73019
6059
56261
59807
32031
53061
54073
30152
29149
93107
66849
88029
25388
23036
20794
73278
56449
92307
25713
21123
62481
17259
71465
48276
86989
65279
49968
7036
42083
38289
36455
11798
56463
57553
6914
45161
55965
48074
14045
81769
31415
38346
32240
67833
37003
28332
32054
54891
18333
81138
40621
75219
33570
40241
74814
99034
55262
64097
32112
35198
31901
25633
89037
37146
70743
34293
66119
66542
57998
25369
80838
44295
77911
62721
14956
45823
43330
75772
95643
3859
96029
60606
52813
14507
43322
52275
66355
94836
8372
43376
79881
12543
72363
14165
24459
71696
63302
37825
30323
32324
72919
9781
74790
64852
1758
7969
52117
47691
85805
76761
24107
77
25441
2825
73013
56654
81594
86724
38912
8034
71905
14922
46090
92644
64048
56146
87932
17460
81848
28861
19969
83748
79895
59738
86283
59018
53441
22737
46966
5701
86160
82465
80296
1340
86637
68985
94980
1428
88131
31314
32232
32894
48545
91247
47922
16240
24458
45323
65568
1867
37112
45269
45916
84586
94708
3751
26431
16003
93801
9729
4788
76599
24396
59240
2601
90607
4439
47192
48663
50570
71189
78157
23927
72544
25523
49780
68923
61925
21364
56431
85755
1064
47156
21918
84473
17276
32845
26407
80978
95871
67939
33028
70351
6845
10480
75034
11017
19798
19297
61802
81677
76667
70559
32667
50378
50043
14759
14682
35382
44608
91280
24504
53502
82306
70750
6938
27764
86344
59176
12821
12522
34024
48603
63901
76446
36611
89493
61853
54603
13800
12060
42670
611
38479
44832
19680
33275
66830
97265
72188
17711
50462
61229
32850
14322
69037
77101
75488
17799
70380
62281
53324
24844
77175
80912
92838
93882
77107
7909
2728
99886
6649
54438
223
38246
48159
20883
76160
10735
10202
20887
67939
32555
32284
74609
61421
39945
13192
97805
64961
59876
4694
51187
85352
61961
62398
68749
86676
59492
98325
7537
42063
40922
44910
25879
77196
46418
70642
28781
74033
75279
269
66935
60260
62608
47015
8500
74606
25276
87230
88321
43509
94211
76694
75226
36741
58417
10964
9702
22642
94288
54719
32552
30732
52565
38316
85187
82739
82714
3684
61569
33792
99273
84743
50735
30171
90919
74948
39893
73297
93339
3817
41360
77343
12900
37749
13430
40989
8346
1730
53058
83579
16248
11793
72524
82807
55126
17225
42321
1667
42730
54953
4065
76535
43696
84448
58610
88140
72795
30820
77241
46895
24246
58829
4216
88691
57426
54576
29016
27344
94937
68539
42084
68559
1412
97230
65976
8335
41358
32022
51047
87055
30706
3134
39280
96106
74044
17390
78499
89241
8297
56203
16824
22217
87666
51544
24295
46869
36759
6163
68513
53030
45705
83555
64628
98310
26898
18280
16552
43836
18265
35418
48132
95376
74792
83896
72217
28913
35660
31738
9429
25204
16902
46331
30657
43678
36208
52791
19556
57493
96121
75752
98855
76115
44515
77495
93468
50281
16829
23423
63225
4202
83326
93904
59627
49374
39489
55023
90474
58896
74789
64553
54632
91794
70028
47826
92074
69955
93148
17830
52858
1171
30966
90237
31397
72985
46206
69602
26474
29198
73184
35843
91139
80333
3556
6451
98806
85286
97901
98030
88368
20447
3074
69712
48241
89753
12198
94631
78330
31173
27122
61
84086
18823
35202
1479
96744
43923
42500
37102
35453
25914
21802
52203
32049
38292
4011
4958
76534
67339
43896
58091
67064
27762
33294
37198
60527
8571
5711
47143
12932
69843
50378
83011
96475
55447
10664
61682
43429
74561
86284
5248
19332
79644
68000
96455
29843
76858
24655
37710
72482
3984
71516
35037
21305
11426
35929
31811
88658
62647
24580
57588
86573
83226
16490
90634
64251
26365
60915
4987
16738
89539
19849
34555
22445
94172
25414
84635
37610
25533
64032
73578
43508
61433
96427
72051
43634
44361
84717
40062
68659
5068
929
5511
95242
5233
18130
75803
41139
13443
83245
99233
99967
48927
56762
72393
19100
39515
58257
89221
6597
34651
84234
75222
54008
55292
97057
44213
98951
20501
9169
3272
41462
51132
63265
31229
62628
85107
26817
65725
95449
77932
33789
34912
86614
89355
47645
8282
67048
9710
48195
68261
63017
38692
31125
62978
63238
63050
46984
52793
70038
41284
30045
43301
68670
45438
4227
60060
99255
40640
60213
97412
68696
57602
34097
82172
52707
70613
48782
48030
68438
57887
80960
64047
52453
20178
62965
57143
35939
70002
42834
60659
44710
69575
35066
56262
29985
45065
84090
40337
44227
67676
61230
26679
60480
35368
19603
30824
29188
70684
1550
35078
44901
14223
24071
47765
24287
46648
8093
32890
15273
14656
63454
6547
79062
97041
77312
32611
58604
37331
40422
78784
50137
70320
72807
84233
13628
30947
36596
63208
54281
84045
78602
15451
99414
41775
32377
8530
6104
55725
19317
40571
11631
45774
452
42231
84945
37771
2170
55879
33686
73788
74024
35853
57758
55017
23224
28542
47695
88163
72239
17755
30567
86461
61902
47795
27587
56986
60740
79617
1332
90312
29625
90681
47007
23946
89566
2193
75798
28302
1558
56099
44328
19538
46830
60887
43434
75031
96824
25419
36679
91462
33187
20187
23783
78478
82418
52131
37221
78297
5785
41166
11736
2765
18896
59470
69826
24328
90360
32780
92545
10220
4530
17488
79911
23295
25088
2156
82943
66763
55385
59953
68230
22328
6090
40152
3008
99924
754
76770
1754
37531
92758
71968
18292
99039
19702
66000
13363
23871
37418
94829
62683
62576
85042
52157
96726
20350
39502
5174
680
30544
32825
